11111111111111S11111111111111111111111111111111111
1000000010100000001>00M0M0001v11111111111111111111
10111110100010111000111011101011111111111111111111
10001010111110101111100010000011111111111111111111
10101000000010100000101111111011111111111111111111
11101111111010111110100000001011111111111111111111
1000100O101010000000111111101011111111111111111111
10111010101011111110010000001011111111111111111111
10100000101000001111110111111011111111111111111111
10001110101111101000110120000011111111111111111111
1011100010000O0M1010000101111111111111111111111111
10001011101110101011111111111111111111111111111111
111110100000100M1011111111111111111111111111111111
10000010111110111011111111111111111111111111111111
10111111100010001000111111111111111111111111111111
10000000101011101110111111111111111111111111111111
10111110101010000010111111111111111111111111111111
10100010001011111010111111111111111111111111111111
10001011111000011000111111111111111111111111111111
11111010001110111111111111111111111111111111111111
10000010101010111111111111111111111111111111111111
10111110100010111111111111111111111111111111111111
10000000111110!11111111111111111111111111111111111
11111111111111111111111111111111111111111111111111
