11111111111111111111111111111111111111111111111111
1S100010000000000000000000000000000000000000000001
20111010000000000000000000000000000000000000000001
100!1010000000000000000000000000000000000000000001
10101010000000000000000000000000000000000000000001
10101010000000000000000000000000000000000000000001
10101010000000000000000000000000000000000000000001
10101010000000000000000000000000000000000000000001
10101010000000000000000000000000000000000000000001
10100010000000000000000000000000000000000000000001
10111110000000000000000000000000000000000000000001
10100000000000000000000000000000000000000000000001
10100000000000000000000000000000000000000000000001
10100000000000000000000000000000000000000000000001
10100000000000000000000000000000000000000000000001
10100000000000000000000000000000000000000000000001
10100000000000000000000000000000000000000000000001
10100000000000000000000000000000000000000000000001
10100000000000000000000000000000000000000000000001
10100000000000000000000000000000000000000000000001
10100000000000000000000000000000000000000000000001
10100000000000000000000000000000000000000000000001
11111111111111111111111111111111111111111111111111
