00000000000000000000000000000000000000000000000001
00000000000000000000000000000000000000000000000001
00000000000000000000000000000000000000000000000001
00000000000000000000000000000000000000000000000001
00000111111111000000000000000000000000000000000001
00000000000000000000000000000000000000000000000001
00000011111100000000000000000000000000000000000001
00000000000000000000000000000000000000000000000001
00011111111111100000000000000000000000000000000001
00000000000000000000000000000000000000000000000001
00000000000000000000000000000000000000000000000001
00000000000000000000000000000000000000000000000001
00000000000000000000000000000000000000000000000001
00000000000000000000000000000000000000000000000001
00000000000000000000000000000000000000000000000001
00000000000000000000000000000000000000000000000001
00000000000000000000000000000000000000000000000001
00000000000000000000000000000000000000000000000001
00000000000000000000000000000000000000000000000001
00000000000000000000000000000000000000000000000001
00000000000000000000000000000000000000000000000001
00000000000000000000000000000000000000000000000001
11111111111111111111111111111111111111111111111111
