01111111111111111111111111111111111000000000000001
01000001010000010100000000100000101000000000000001
!1011101010101010101111110001110101000000000000001
01010101010101010100101111111000001000000000000001
21010101010111010110100000001111101000000000000001
01010101010000000100111111101000101000000000000001
01010101011111010101000000000010101000000000000001
01010101000001010101011111111110101000000000000001
01010101011101010101010000000010100000000000000001
01010101010101010101010111111110100000000000000001
01>00101010100010101010100000000100000000000000001
01111101010111011101010111111111100000000000000001
00000001010000000001010100000000000000000000000001
01111111010111111111010111010000000000000000000001
01>00000010100000010000000010000000000000000000001
01011111110101111010111111010000000000000000000001
01000001010100001010100001010000000000000000000001
01011101010111111010100101000000000000000000000001
01000101010000000010100100010000000000000000000001
01111101010111111110100110110000000000000000000001
00000000010001000110100000000000000000000000000001
11111111110100010000100000000000000000000000000001
11111111111111111111111111111111111111111111111111
