11111111111111111111111111111111111111111111111111
1S100010000000000000000000000000000000000000000001
20111010000000000000000000000000000000000000000001
100!1010000000000000000000000000000000000000000001
10101010000000000000000000000000000000000000000001
101010100000@0000000000000000000000000000000000001
1010101000000#000000000000000000000000000000000001
10101010000000000000000000000000000000000000000001
10101010000000000000000000000000000000000000000001
10000010000000000000000000000000000000000000000001
10000110000000000000000000000000000000000000000001
10000000000000000000000000000000000000000000000000
10000000000000000000000000000000000000000000000001
10100000000000000000000000000000000000000000000001
10100000000000000000000000000000000000000000000001
10100000000000000000000000000000000000000000000001
10100000000000000000000000000000000000000000000001
10100000000000000000000000000000000000000000000001
10100000000000000000000000000000000000000000000001
10100000000000000000000000000000000000000000000001
10100000000000000000000000000000000000000000000001
10100000000000000000000000000000000000000000000001
11111111111111111111110111111111111111111111111111
